Simulaion Start: 2020-05-18 17:07:54 [Tx: 4, Rx: 4, Modulation Order: 2]
0.000000e+00 	 2.217500e-01 	1.126250e-01 	1.621250e-01 	1.118750e-01 	1.648750e-01 	9.925000e-02 	1.652500e-01 	9.737500e-02 	
2.000000e+00 	 1.613750e-01 	8.075000e-02 	1.203750e-01 	7.375000e-02 	1.138750e-01 	6.287500e-02 	1.102500e-01 	5.862500e-02 	
4.000000e+00 	 1.178750e-01 	5.362500e-02 	7.987500e-02 	4.575000e-02 	6.887500e-02 	3.362500e-02 	6.750000e-02 	2.987500e-02 	
6.000000e+00 	 1.010000e-01 	4.225000e-02 	5.875000e-02 	3.025000e-02 	4.625000e-02 	1.575000e-02 	3.762500e-02 	1.125000e-02 	
8.000000e+00 	 7.100000e-02 	2.737500e-02 	3.950000e-02 	2.100000e-02 	2.825000e-02 	7.000000e-03 	2.425000e-02 	4.000000e-03 	
1.000000e+01 	 4.402156e-02 	1.715126e-02 	2.393009e-02 	1.147501e-02 	1.727377e-02 	3.797779e-03 	1.102581e-02 	8.167266e-04 	
1.200000e+01 	 2.800000e-02 	1.075000e-02 	1.775000e-02 	8.625000e-03 	1.137500e-02 	2.750000e-03 	7.500000e-03 	0.000000e+00 	
1.400000e+01 	 1.958447e-02 	5.960490e-03 	9.025886e-03 	5.108992e-03 	7.833787e-03 	1.702997e-03 	4.342643e-03 	0.000000e+00 	
1.600000e+01 	 1.245591e-02 	4.056437e-03 	6.503527e-03 	2.248677e-03 	4.254850e-03 	4.409171e-04 	2.623457e-03 	0.000000e+00 	
1.800000e+01 	 8.603239e-03 	2.602660e-03 	3.759398e-03 	1.518219e-03 	2.385772e-03 	0.000000e+00 	1.445922e-03 	0.000000e+00 	
2.000000e+01 	 4.124088e-03 	2.007299e-03 	2.700730e-03 	1.313869e-03 	1.350365e-03 	0.000000e+00 	7.664234e-04 	0.000000e+00 	
2.200000e+01 	 3.514780e-03 	1.396900e-03 	1.757390e-03 	9.012257e-04 	1.081471e-03 	0.000000e+00 	0.000000e+00 	0.000000e+00 	
2.400000e+01 	 2.587322e-03 	9.702458e-04 	1.212807e-03 	0.000000e+00 	8.489651e-04 	0.000000e+00 	0.000000e+00 	0.000000e+00 	
2.600000e+01 	 1.115206e-03 	0.000000e+00 	4.848720e-04 	0.000000e+00 	0.000000e+00 	0.000000e+00 	0.000000e+00 	0.000000e+00 	
Simulaion End: 2020-05-18 17:08:13


Simulaion Start: 2020-05-18 17:12:10 [Tx: 4, Rx: 4, Modulation Order: 2]
0.000000e+00 	 2.115000e-01 	1.100000e-01 	1.535000e-01 	1.085000e-01 	1.603750e-01 	9.925000e-02 	1.610000e-01 	9.725000e-02 	
2.000000e+00 	 1.557500e-01 	7.262500e-02 	1.143750e-01 	7.037500e-02 	1.063750e-01 	5.637500e-02 	1.046250e-01 	5.212500e-02 	
4.000000e+00 	 1.296250e-01 	6.062500e-02 	8.787500e-02 	4.675000e-02 	8.062500e-02 	3.275000e-02 	7.550000e-02 	2.912500e-02 	
6.000000e+00 	 8.437500e-02 	3.587500e-02 	5.200000e-02 	3.025000e-02 	4.062500e-02 	1.550000e-02 	3.487500e-02 	1.212500e-02 	
8.000000e+00 	 6.400000e-02 	2.525000e-02 	3.637500e-02 	2.000000e-02 	2.900000e-02 	9.000000e-03 	2.262500e-02 	4.500000e-03 	
1.000000e+01 	 4.559426e-02 	1.801571e-02 	2.433402e-02 	1.255123e-02 	1.938183e-02 	6.745219e-03 	1.246585e-02 	1.878415e-03 	
1.200000e+01 	 2.977854e-02 	1.038756e-02 	1.490220e-02 	6.390355e-03 	1.222446e-02 	2.354341e-03 	7.852116e-03 	2.716548e-04 	
1.400000e+01 	 2.087886e-02 	7.532001e-03 	1.135654e-02 	4.409928e-03 	6.712457e-03 	8.195442e-04 	4.058695e-03 	0.000000e+00 	
1.600000e+01 	 1.118326e-02 	4.329004e-03 	3.246753e-03 	2.164502e-03 	5.050505e-03 	0.000000e+00 	1.803752e-03 	0.000000e+00 	
1.800000e+01 	 8.911368e-03 	3.452152e-03 	5.619782e-03 	2.247913e-03 	3.532434e-03 	0.000000e+00 	1.685934e-03 	0.000000e+00 	
2.000000e+01 	 5.080589e-03 	1.489138e-03 	2.365102e-03 	8.759636e-04 	1.357744e-03 	0.000000e+00 	1.138753e-03 	0.000000e+00 	
2.200000e+01 	 2.923515e-03 	7.901391e-04 	1.527602e-03 	0.000000e+00 	1.158871e-03 	0.000000e+00 	5.267594e-04 	0.000000e+00 	
2.400000e+01 	 2.189642e-03 	0.000000e+00 	9.520183e-04 	0.000000e+00 	1.142422e-03 	0.000000e+00 	0.000000e+00 	0.000000e+00 	
2.600000e+01 	 1.257222e-03 	0.000000e+00 	0.000000e+00 	0.000000e+00 	5.884871e-04 	0.000000e+00 	0.000000e+00 	0.000000e+00 	
Simulaion End: 2020-05-18 17:12:30


Simulaion Start: 2020-05-18 17:17:24 [Tx: 4, Rx: 4, Modulation Order: 2]
Simulaion Start: 2020-11-26 16:46:15 [Tx: 4, Rx: 4, Modulation Order: 2]
0.000000e+00 	 2.161250e-01 	1.100000e-01 	1.527500e-01 	1.081250e-01 	1.610000e-01 	9.625000e-02 	1.585000e-01 	9.375000e-02 	
2.000000e+00 	 1.613750e-01 	8.075000e-02 	1.203750e-01 	7.375000e-02 	1.138750e-01 	6.287500e-02 	1.102500e-01 	5.862500e-02 	
4.000000e+00 	 1.178750e-01 	5.362500e-02 	7.987500e-02 	4.575000e-02 	6.887500e-02 	3.362500e-02 	6.750000e-02 	2.987500e-02 	
Simulaion Start: 2020-12-28 00:31:56 [Tx: 8, Rx: 8, Modulation Order: 2]
0.000000e+00 	 2.056875e-01 	6.350000e-02 	1.241875e-01 	5.700000e-02 	1.194375e-01 	4.300000e-02 	1.074375e-01 	3.600000e-02 	
4.000000e+00 	 1.162500e-01 	2.875000e-02 	5.806250e-02 	1.831250e-02 	4.875000e-02 	1.118750e-02 	3.006250e-02 	5.437500e-03 	
8.000000e+00 	 6.318681e-02 	1.068473e-02 	2.596849e-02 	5.364098e-03 	2.176068e-02 	2.364724e-03 	9.241550e-03 	1.912644e-04 	
Simulaion End: 2020-12-28 00:32:32


Simulaion Start: 2021-01-08 12:40:14 [Tx: 8, Rx: 8, Modulation Order: 2]
0.000000e+00 	 2.056875e-01 	6.350000e-02 	1.241875e-01 	5.700000e-02 	1.194375e-01 	4.300000e-02 	1.074375e-01 	3.600000e-02 	
4.000000e+00 	 1.162500e-01 	2.875000e-02 	5.806250e-02 	1.831250e-02 	4.875000e-02 	1.118750e-02 	3.006250e-02 	5.437500e-03 	
8.000000e+00 	 6.318681e-02 	1.068473e-02 	2.596849e-02 	5.364098e-03 	2.176068e-02 	2.364724e-03 	9.241550e-03 	1.912644e-04 	
Simulaion End: 2021-01-08 12:40:50


Simulaion Start: 2021-01-08 12:43:33 [Tx: 8, Rx: 8, Modulation Order: 2]
0.000000e+00 	 2.118750e-01 	6.356250e-02 	1.252500e-01 	5.581250e-02 	1.222500e-01 	4.268750e-02 	1.125000e-01 	3.568750e-02 	
4.000000e+00 	 1.313125e-01 	2.643750e-02 	6.331250e-02 	1.618750e-02 	5.343750e-02 	7.750000e-03 	3.737500e-02 	2.937500e-03 	
8.000000e+00 	 6.324032e-02 	1.130410e-02 	2.756264e-02 	5.979499e-03 	2.127942e-02 	1.689446e-03 	8.371298e-03 	2.088079e-04 	
1.200000e+01 	 2.705995e-02 	4.337714e-03 	1.146264e-02 	1.827377e-03 	8.250886e-03 	3.876255e-04 	2.621087e-03 	0.000000e+00 	
1.600000e+01 	 1.153663e-02 	1.635347e-03 	4.430304e-03 	6.541389e-04 	2.794957e-03 	0.000000e+00 	6.244053e-04 	0.000000e+00 	
2.000000e+01 	 4.469887e-03 	5.227938e-04 	1.568381e-03 	0.000000e+00 	1.228565e-03 	0.000000e+00 	0.000000e+00 	0.000000e+00 	
Simulaion End: 2021-01-08 12:44:24


Simulaion Start: 2021-01-13 20:38:32 [Tx: 8, Rx: 8, Modulation Order: 2]
-4.000000e+00 	 2.929375e-01 	1.256250e-01 	2.066250e-01 	1.320625e-01 	2.188750e-01 	1.261875e-01 	2.190000e-01 	1.247500e-01 	
0.000000e+00 	 2.108750e-01 	6.343750e-02 	1.219375e-01 	5.462500e-02 	1.200000e-01 	4.143750e-02 	1.109375e-01 	3.787500e-02 	
4.000000e+00 	 1.236875e-01 	3.093750e-02 	6.125000e-02 	2.337500e-02 	5.700000e-02 	1.181250e-02 	3.375000e-02 	4.312500e-03 	
8.000000e+00 	 6.415406e-02 	1.137169e-02 	2.794187e-02 	6.084594e-03 	2.017368e-02 	2.097117e-03 	9.318880e-03 	3.249055e-04 	
1.200000e+01 	 2.701893e-02 	4.358375e-03 	9.855020e-03 	1.976995e-03 	8.716751e-03 	3.594536e-04 	2.471244e-03 	0.000000e+00 	
1.600000e+01 	 1.151961e-02 	1.523109e-03 	4.534314e-03 	3.676471e-04 	3.501401e-03 	0.000000e+00 	4.551821e-04 	0.000000e+00 	
2.000000e+01 	 4.723439e-03 	4.791895e-04 	2.144943e-03 	0.000000e+00 	1.277839e-03 	0.000000e+00 	0.000000e+00 	0.000000e+00 	
Simulaion End: 2021-01-13 20:39:29


